1
(

468

86818 (1881188888818 8888888888, &gal 8 188118, 88 8888881, 81
jannis inferiunt 8 88 nombre, 8881 18 (18888888 lorsque 18 18881188
881881 888 8881888888 pomus, pour 81888888 188811888

(1118111112888 (88)

81 soit pour 18 88881818 (188 8818118888

Po ²²92 (24)

(1111111328 , (25)

et 888 8888888881
(26)

110118 81110118

818888888881818 distance (18 88181 8888881 8161881881 (18 (18 18
8881888 (S); enfin on 8888188 (188818888888818 88 888188

(1113Σο(1111 Ν 88

(1113111118 88

88181188 818811888888881 88888888818 (1888 18818 18188188 (18 18
8881888 (S) pour toute valeur (18 λ (188118 modulo 881 1811881888 88
88888 (18 convergenoe de 18 88818 (22). 1288888 8818, aucune des
888188 (21) 81 (28) ne 8881 avoir 88 88888 (1888888888888 (81881888
8 88181 (18 18 88818 (22); 88 888888118818818888188 (22), (21) 81 (28)
88188 888888 rayon (18 8888888888, mais 8888811888811888881188
888888 (18 eonvergenoe (188 888188 (21) 81 (28) 8888881 8188 1888888
et, (1888 88 888, 18 88888118 eonvergence de celle (18888 deux 888188
dont 18 rayon (18 88888888888 88118 8188 petit, 8888 &gal 88 88888
(18 888888388881818 88818 (22).

ces ,18118 88888188, (1881888888 888 81218 881888 de 18 fonction
8, 88 88 point de 18 88888 (8,) (18 18 8881888 (S) 81 888888

11) = 81) ds (29)
(Β) ’

 

