pro 1 gr. Br. ωο793 gr. 1οἀ (79·31;[)-.Βτ -1- 0300 1
1 Kl

5' 1908

0824
0638

⁵ 0908
⁹ 0888

0892

00]] 0030
3 3033
3 0030

11

0865

0167
0180
0162
02ῠὺ
0269
0302
0271

,0407)

0406
0437

C

647

D.
pro l gr. Br.-1·189 gr. Jod (118·9⁰l„)=ssr † 0760 Ι
[093]
[083]
[053]
[054]

168
218
204
282
301
338
371
389
446
611

Ε

4·1
39
49
37
32
3-1

100
300
003
003
000
000
004
003
[0000]
[0300]
[0013]
[030]

[030]
[030]
[033]
[031]
[033]
[003]

pro 1 gr. ssr.-1·586 gr] Jod (158·60s0)=ssr÷1

0863

’ 0886

0000
0303
12 0043
04]]

'⁰ 0913

0670
1146
1289

0079
0128
0218
0182
0226
0410
0327
0234
0544
0698

913
144
169
219
239
289
338
379
479
641

[043]
[003]
[000]
[034]
[010]
[030]
[000]
[00]]
[003]
[003]
4*

 

