192

Tabelle VI.
Katalysator Jod: pro 1 gr. 34:0202 gr. Ιε262010 Jod. ,

A.
ssr2÷12,6 ΟΒΗ8 (pro 1 gr. Br. —- 09 om.⁸ (7]Η,ἶ

t α x 441]ο Κ] Κ,
¹4 0320 0413 ’440 ι-04 ’300 ’-
113 1079 0541 501 091 302
11]] 0953 0627 657 074 307
1 0984 0747 759 062 315

3·ΙΙ
⁸⁹s„ 0840 0691 822 [284]
2 1819 1520 835 [258]
3 0956 0808 845 [182]
7 0958 0825 801 [029]

Β.
= Br¹ ‹1- 20 ΟΒΗ, (pro 1 gr. ssr-1104 04401 ΟθΗθ)
¹²04 0000 0044 314 023 0040
1 0994 0397 400 022 0667
⁵l4 1190 0562 409 021 0706
⁶³4„ 0748 0444 004 040 0333
3 0600 0410 603 017 0702
15], 0738 0531 719 015 0682
7 1262 1040 824 011 0668
· 0675
001344210θῇ
interpoliert:
K2= 0610
C.
Br8 4 252 0041„ (prol gr. Br - 139 04010,Ηῶ
¹14„ 0704 0444 232 013 0330 -
2 0952 0398 418 012 0359
¹¹s4 0776 0365 411 010 0324
⁴⁷02 0813 0434 000 000 0343
5 0783 0497 634 0087 0347
37]4 0801 0568 709 008 0362
10 0853 0672 · 7886 0067 0373
13 0783 0646 823 0058 0358
15 1030 0854 8291 0051 0324

0347

 

