313

(sehon in 3661 11166166 Μ6611166661), 316 Δ11661666666 3661, 66-
36116 316 366 II 11161166661116616. 111611161116166, 6661 was die

Eimembran 6616111111, ganz 36666116 1111666166, 1116 (116 6611661611
311161 8666611366 161166116166 11161. Die Theilung in 2 Ζ611611 be«
61661 6661 311, 8166366, 16 4 8111611611 161 316 Μ6116611 361 11161,
6661 6811163611 61116 11, (16111161 116116 16 2, 116116 16 3, 616 ’11611
16 4Ζ611611 66116111, darauf 661661611 6161 163661 616 316 Κ6166 an
361816116, 6631666116616116616 karyokinetisehe Figur liegt, die
661166161161663161116611616116 616661616636 61611316166 Ρ166166-
masne, 11636161 der 166616 Thai] 361 Ζ61166 3116161 6166116161, 361
6161316111616 Τ16113666666 1161161161 (11611663 1111 6611161161
366 111666161116 361 1111161) und 316 Eiet 1161166 6161 61611
1161161.

1111 1761616161 66 (1611 1161666166 1--6 6166166116 663 66 36111
11616661 1 661616166116 bot 616 1616166666166 1116611616 361 Ver-
6661 8,161 36111161 316 11161 16 361 11116666 6166 3111636 1611161-
16611666. 1111111663 316161Ζ611 61161616 66361 6166666 1116116611 361
1116136186111663 des kugoligen 116161111661666, 6116111111 611 61-
116111 6611 66116666 Β166111611, 61116 16 1 111 611110οψ200 6611666
6661 61116 41)-110 Μ16111611 (11616661666116611661 1116116666111116616ς 616
(1161116161616661116116111 von 1 Stunde in 11166166 116611166661
gebracht 11111366, 661 1666 66116 16661 66 361 11611661] (16111161
3611 1, 6636116 (166 1111161166661316616161 6166161166. Der 1161-
1616 11611661 1161 6666 (16666116 Bild wie im Versuoh 7. dar.

Ill. Versuchsreihe.

1, und 2. Versuch.
Die 11161 11111366 16 61116 1111611116 166

2112 11 KOl. ........ 11 6616
normales 1116611166661 ..... 91) ,,

661661, 16 361661166 1611116166 616 161 1. 11616661 6166 5111636 30
Μ16111611, 116 2. 11616661 61161 31611366, 11111663 11616161 Ζ611
61116 616666 Ζ611 36111161 in 61116 45-50 1116111611 366 I 1116116666-
111661666666166666161,161 61661661 6611 66116666 Ζ611 61161616
(16116 16 61116 1 8111636 20-25 Minuten die Ausstossung des ΙΙ
111611666611316616, 161 366 16616166 1116166161 (161Α6661666666 nur
eines 11161166661316616. 11616111 1111136 66 (166 (1611166611 661 11111116
61116 starker 6666661116116 11116666, 1111161161

 

